156 97
48 149
155 149
47 194
155 198
48 242
156 243
51 291
156 291
49 338
157 337
49 387
156 385
49 432
156 432
51 480
158 479
50 527
157 526
51 574
158 573
160 624
53 623
400 96
501 96
397 142
502 145
395 191
503 189
503 237
396 238
398 286
505 286
398 334
504 334
396 380
504 380
397 426
504 429
399 524
505 523
399 572
507 570
400 618
508 619
741 86
744 139
896 145
745 186
899 193
742 233
899 235
742 282
743 328
901 332
899 285
744 377
900 380
743 422
900 426
744 472
902 474
745 521
904 525
747 569
904 568
748 616
905 618
50 98
